([1, 32, 35, 34, 25, 24, 15, 13, 42, 27, 47, 8], 149)
([1, 34, 15, 32, 7, 31, 40, 37, 13, 16, 28, 18, 27, 24, 26], 229)
([1, 7, 46, 31, 29, 2, 16, 34], 149)
([1, 21, 17, 41, 24, 19, 2, 18, 3, 33], 256)
([1, 42, 21, 5, 2, 31, 34, 43], 266)
([1, 37, 2, 14, 20, 8, 11, 48], 281)
([1, 42, 19, 38, 18, 25, 24], 143)
([1, 40, 46, 27, 23, 43, 22], 223)
([1, 28, 24, 25, 48, 39, 40, 29, 45, 9, 3, 14], 249)
([1, 28, 46, 9, 43], 156)
([1, 3, 14, 27, 25, 39, 28, 45, 31], 177)
([1, 19, 10, 45, 37, 38, 33, 41, 44, 16, 34, 17, 46, 9, 27, 4, 35, 28, 23], 223)
([1, 44, 35, 17, 15, 37, 8, 43, 30, 31], 267)
([1, 47, 14, 16, 39, 37, 41, 31, 48, 3, 34, 15, 40, 27, 8, 25], 281)
([1, 29, 19, 37, 39, 14, 12, 40, 46, 25, 22, 13, 10, 18, 17, 16, 15, 34], 193)
([1, 26, 40, 25, 30], 209)
([1, 28, 19, 29, 39, 3, 23, 32, 11], 185)
([1, 20, 26, 40, 24, 31, 3, 10, 43, 48, 27, 13, 14, 22, 32], 252)
([1, 25, 3, 6, 4, 37, 31, 28, 33, 44, 11, 34, 39, 21, 12, 13], 292)
([1, 36, 48, 4, 31, 18, 8, 38, 40, 44, 5, 12, 20, 45, 30, 9, 43], 130)
([1, 10, 30, 46, 22, 38, 19, 31, 40, 29, 15, 9, 41], 124)
([1, 8, 24, 7, 40, 25, 41, 9, 43, 19, 27, 14, 23, 31, 15], 278)
([1, 25, 41, 8, 23, 3, 40, 17, 37, 39, 20, 47, 4, 34], 214)
([1, 23, 35, 10, 44, 30, 32, 28, 26, 27, 8, 39, 21, 31], 109)
([1, 16, 22, 27, 2, 29, 38, 39, 20, 8, 12, 33, 21, 43, 23, 36, 40, 13, 3], 243)
([1, 26, 21, 43, 15, 48, 24, 47, 13, 30, 18, 33, 6, 3], 213)
([1, 28, 34, 2, 46, 38, 17, 26, 42, 45, 43, 23, 33, 16, 32, 10, 7, 44], 163)
([1, 47, 28, 26, 38, 31, 5, 41, 35, 21, 6, 42, 20, 22, 19], 195)
([1, 29, 16, 40, 10, 12, 37, 17, 13, 14, 24, 23, 41, 46, 39, 33, 6], 261)
([1, 4, 15, 8, 28, 32, 16, 33, 12], 263)
([1, 30, 28, 5], 217)
([1, 20, 24, 32, 33, 3, 7, 11], 296)
([1, 46, 21, 47, 3, 42, 5, 34, 12, 36, 8, 20, 39, 25, 13, 27], 260)
([1, 40, 24, 28, 20, 32, 16, 22, 29, 17, 5, 45, 7, 8, 42], 223)
([1, 44, 41, 25, 18, 33, 3, 42, 8, 24, 23, 36, 32, 30, 28], 260)
([1, 40, 17, 44, 34, 47], 285)
([1, 7, 46, 43, 17, 30, 2, 31, 14, 15, 44, 42, 26, 4, 21, 45, 38], 253)
([1, 12, 10], 298)
([1, 30, 17, 34, 4, 42, 45], 118)
([1, 35, 21, 22, 10, 27, 47, 43, 5, 6, 15, 45, 18, 25], 216)
([1, 9, 44, 5, 16, 21, 46, 23, 43], 239)
([1, 3, 38, 44, 19, 30, 34, 10, 4, 26, 40, 31], 296)
([1, 27, 38, 47, 16, 28, 21, 39, 9, 40, 43], 151)
([1, 11, 35, 21, 10, 38, 2, 31, 26, 29, 16, 7, 48, 44, 47, 15, 34, 27, 37], 158)
([1, 34, 24, 44, 3, 18], 188)
([1, 9, 3, 27, 37], 104)
([1, 3, 11, 39, 28, 31, 22, 9, 30, 45, 5, 8, 42, 12, 48, 21, 27, 32], 295)
([1, 20, 8, 45, 23, 42, 18, 25], 110)
([1, 6, 47, 8, 12], 257)
([1, 26, 44, 27, 18, 33, 32, 28, 7], 246)
([1, 12, 44, 8, 17, 9, 16, 37, 38, 39, 5, 29, 26, 13], 127)
([1, 24, 28, 8, 34, 16, 25], 169)
([1, 7, 34, 35, 33, 36, 27, 11, 43, 24, 5, 13], 142)
([1, 26, 11, 23, 39, 15, 40, 42, 46, 10], 143)
([1, 16, 28, 23, 13, 46, 47, 43, 17, 19, 12, 38, 10, 15, 8, 18, 45, 5, 31], 137)
([1, 15, 39, 37], 101)
([1, 18, 13, 8, 38, 20, 40, 34], 290)
([1, 20, 23, 27, 5, 43, 33, 2, 46, 37, 40, 44, 9, 35, 18, 6, 24, 25], 148)
([1, 28, 18, 2, 30, 36, 44, 42, 24, 34, 40, 25, 48, 16], 134)
([1, 19, 33, 25, 37, 38, 48, 10, 40, 11, 22, 7, 35, 36, 3, 14, 29, 44, 46], 202)
([1, 22, 8, 37, 3, 43, 38, 21, 41, 32], 214)
([1, 7, 10, 24, 20, 28, 32, 19, 9, 3, 35, 16, 11, 39, 30], 118)
([1, 20, 32, 21, 47, 7, 36, 22, 6], 192)
([1, 19, 24, 46, 47, 48, 39, 26, 14, 10, 45, 36, 41, 22], 195)
([1, 10, 23, 28, 6, 5, 7, 17, 3, 38, 8, 43, 16, 33, 47, 30, 24], 247)
([1, 39, 14, 28, 38, 5, 12, 43, 33, 26], 143)
([1, 36, 41, 17, 30, 34, 43, 45, 8, 9, 14], 272)
([1, 39, 21, 19, 16, 36, 37, 38, 15, 8, 33, 12, 48, 47, 4, 27, 35, 45, 32], 169)
([1, 20, 47, 41, 31, 42, 25, 18, 4, 37, 39, 15, 13, 21, 27, 44], 173)
([1, 31, 11], 159)
([1, 31, 24, 6, 19, 34, 46], 242)
([1, 13, 48, 21, 46, 14, 34, 42, 3, 12, 39, 24, 27, 15, 4], 235)
([1, 32, 11, 38, 25, 4, 6, 41, 27, 24, 17, 35, 21, 2], 215)
([1, 47, 19, 32, 2, 31, 20, 3, 41, 14, 36], 116)
([1, 37, 47, 17, 40, 18, 15, 20, 25, 45, 10, 12, 11, 19], 118)
([1, 37, 31, 35, 3, 27, 45, 10, 12, 8, 17, 9, 5, 29, 48, 7, 39], 277)
([1, 30, 12, 18, 35, 36], 184)
([1, 19, 26, 10, 27, 37, 29, 14, 45, 20, 13, 28, 3], 125)
([1, 41, 26, 47, 35, 22, 3, 18, 9, 44, 25, 30, 32, 42], 288)
([1, 44, 9, 22, 6, 38, 4, 42, 33, 11, 43, 24, 3, 15, 26, 5], 147)
([1, 39, 15], 112)
([1, 34, 7, 4, 23, 29, 21, 3, 13, 32, 5, 41, 33, 19], 217)
([1, 13, 28, 9, 42, 14, 37, 27], 108)
([1, 14, 31, 16, 29, 47], 235)
([1, 35, 32, 18, 40, 47, 6, 27, 11, 22, 28, 16, 42, 25, 43], 247)
([1, 33, 9, 4, 48, 46, 13, 14, 18, 36, 12, 11, 32], 139)
([1, 14, 42, 47, 9, 34], 288)
([1, 40, 39, 24, 15, 16, 48, 27, 45, 12, 32, 35, 34, 43, 19, 17, 29, 47], 277)
([1, 25, 24, 5, 46, 18, 22, 29], 145)
([1, 5, 34, 8, 4, 38, 13, 12, 15, 41, 27, 17, 21, 37, 30], 133)
([1, 8, 10, 32, 45, 18, 5, 28, 25, 46, 9, 11], 296)
([1, 10, 16, 44, 42], 186)
([1, 19, 42, 31, 40, 26], 213)
([1, 42, 9, 31, 23, 17, 44, 11, 47, 12, 33, 8, 10], 289)
([1, 43, 40, 15, 34, 38, 24, 18, 17, 45], 169)
([1, 26, 18, 35, 37, 14, 48, 29, 2, 19, 47, 9, 36, 13, 34, 33, 38], 238)
([1, 14, 37, 15, 27], 133)
([1, 47, 41, 29, 37], 136)
([1, 38, 11, 16, 21, 33, 35, 6, 2, 15, 31, 34, 22, 25, 18, 7, 37, 9], 288)
([1, 20, 4, 24, 31, 34, 9, 6, 19], 225)
([1, 7, 29, 25, 26, 6, 5, 18, 32, 17, 28, 38, 41, 20], 196)
([1, 14, 16, 37, 43, 27, 9, 21], 231)
([1, 44, 6, 24, 35, 7, 3, 46, 9, 15, 38, 27, 10, 28, 36, 31, 13, 11, 21], 221)
([1, 24, 38, 30, 43, 14, 45, 31, 19, 12, 9, 7, 20, 32, 3, 17], 222)
([1, 39, 4, 20, 23, 27, 18, 33, 45, 22, 37], 219)
([1, 31, 4, 19, 23, 24, 21, 38, 10, 17, 40, 41, 22, 2], 285)
([1, 7, 6, 28, 22, 36, 33, 19, 32, 45, 39, 12, 27, 48, 25, 14, 35], 118)
([1, 26, 39, 31, 28, 33, 2, 13, 11, 45, 42, 41, 35, 38, 27, 36], 182)
([1, 19, 24, 42, 48, 35, 46, 39, 4, 43], 112)
([1, 28, 47, 20, 19, 3, 11, 10, 29, 31, 35, 40, 34, 38], 205)
([1, 39, 22, 38, 13, 46, 7, 27, 33, 19], 244)
([1, 10, 11, 39, 44, 41, 33], 138)
([1, 17, 24, 4, 20, 21, 27, 43, 32, 13, 38, 42], 255)
([1, 29, 22, 9, 28, 18, 7, 26, 14, 38, 11, 12, 45, 36, 10], 144)
([1, 8, 19, 18, 35, 43, 2, 27, 12, 6, 30, 15, 14, 20, 40, 26, 39], 194)
([1, 10, 27, 5, 35, 14, 20, 44, 6], 196)
([1, 46, 48, 26, 9, 7, 20, 42, 28, 23, 8, 19, 41, 31], 161)
([1, 39, 25], 172)
([1, 40, 18, 32, 37, 38, 30, 29, 35, 13, 42, 12, 26, 19], 289)
([1, 43, 34, 28, 24, 26, 23, 37], 237)
([1, 45, 18, 27, 31, 25], 201)
([1, 10, 45, 48, 28, 34, 23, 36, 42, 32, 17, 38, 35, 30, 4, 7, 16, 2, 21], 228)
([1, 2, 38, 19, 16, 4, 13], 134)
([1, 11, 5, 48, 44, 20, 13, 17], 280)
([1, 10, 38, 3, 41, 45, 31, 44, 40, 48, 30, 37, 21, 15, 24, 25, 35, 43, 29], 99)
([1, 18, 40, 15, 27, 23, 3, 48, 41, 37, 34, 39, 47, 22, 19, 29, 33], 205)
([1, 30, 44], 272)
([1, 29, 24, 39, 47, 4, 43, 22, 20, 12, 17, 23, 26, 7, 36], 163)
([1, 35, 30, 23, 25, 40, 22, 44, 21, 13, 18, 8, 7, 4, 43, 9, 16, 36, 37], 144)
([1, 43, 39, 38, 48, 2, 13, 23, 32, 34, 46, 4, 30, 20, 40, 44, 45, 31], 156)
([1, 47, 12, 2, 17, 27, 25, 34], 249)
([1, 45, 33, 32, 6, 15, 29, 46, 28, 16, 10, 23, 48, 11], 152)
([1, 25, 12, 37], 178)
([1, 18, 13, 46, 47, 35, 30, 2, 8, 27, 15, 39, 42, 7], 152)
([1, 44, 31, 12, 29, 40, 4, 15, 8, 19, 32, 37, 47, 11, 35], 276)
([1, 43, 11, 18, 37, 20, 19, 36, 44, 45, 39, 31, 16, 46, 4, 38], 185)
([1, 14, 28, 4, 46, 8, 18, 33, 47], 297)
([1, 41, 16, 12, 30, 32, 15, 18, 4, 31, 8, 14, 10, 37, 19, 45], 235)
([1, 48, 14, 10, 27, 31], 224)
([1, 31, 10, 8, 28, 47, 33, 15, 29], 183)
([1, 13, 36, 33, 6], 195)
([1, 9, 19, 11, 26, 36, 43], 235)
([1, 17, 37, 18, 7, 3, 25, 46, 36, 19, 48, 6, 10, 44, 32, 4], 192)
([1, 19, 32, 48, 34, 35, 4, 7, 45, 3, 20], 292)
([1, 20, 12, 6, 38, 8, 29], 147)
([1, 15, 30, 29], 222)
([1, 35, 39, 48, 47, 44, 42, 5, 18, 26, 22, 3, 29, 13, 15, 23, 34, 30, 45], 117)
([1, 34, 32, 37, 33, 31, 17, 19, 15, 3, 30, 36, 22], 147)
([1, 24, 29, 7, 15, 26, 27], 284)
([1, 20, 40, 14, 2, 41, 45, 17, 8], 108)
([1, 6, 48, 17, 40, 37, 41, 44, 12, 20, 11, 14, 25, 13, 36], 294)
([1, 34, 24, 13, 15, 26], 232)
([1, 18, 25, 46, 36, 30, 11, 15, 38], 164)
([1, 42, 46, 13], 222)
([1, 35, 39, 41, 40, 18, 22, 29, 7, 46, 21], 211)
([1, 39, 33, 11, 8, 24, 30, 18, 12, 19, 26, 2], 294)
([1, 14, 16, 30, 38, 28, 31, 2, 7, 19, 10, 39, 35, 21, 26, 6, 43, 4, 27], 245)
([1, 42, 21, 28, 5, 22], 267)
([1, 13, 45, 32, 22, 19, 24, 23], 245)
([1, 17, 32, 38, 20, 7, 43, 48, 18, 39, 3, 19, 5, 8, 6, 16, 2], 105)
([1, 11, 44, 22, 31, 36, 21, 46, 25, 13, 48, 42, 14, 17, 3, 28, 32, 30, 38], 186)
([1, 36, 44, 40, 6, 46, 19, 15, 28, 45, 42, 12, 3, 38, 11], 153)
([1, 31, 5, 39, 45, 23, 34, 28, 11, 26, 43, 9], 139)
([1, 30, 26, 47, 9, 40, 33, 25, 34, 18, 41, 39, 16, 12, 24, 20, 8], 214)
([1, 16, 45, 23, 27, 32, 39, 35, 30], 161)
([1, 33, 16, 23, 24, 21, 17, 37, 20, 19, 46, 18, 13, 12, 27, 5], 168)
([1, 15, 21, 29, 2, 24, 25, 13, 11, 34, 7, 3, 10, 16, 18, 37], 158)
([1, 45, 47, 19, 29, 15, 25, 14, 42, 32, 39, 23, 20, 48, 13, 4, 9, 11], 174)
([1, 35, 3, 21, 45, 16, 25, 9, 48, 32, 43, 39, 10, 30, 17, 28, 36, 41], 105)
([1, 29, 40, 39, 33, 44, 13, 45, 26], 291)
([1, 8, 14, 20, 32, 37, 17, 28, 23, 29, 40, 44, 5, 31, 27], 101)
([1, 24, 40, 2], 243)
([1, 9, 25, 13, 26, 32, 15, 3, 6, 10], 187)
([1, 35, 18, 44], 296)
([1, 10, 15, 38, 48, 17, 34, 42, 44, 16, 32, 29, 2, 18, 35], 197)
([1, 34, 7, 35, 14, 44, 10, 36, 48, 21, 38], 274)
([1, 25, 6, 19, 5, 15], 197)
([1, 40, 33, 5, 9, 12, 20, 2, 38, 15], 153)
([1, 42, 47, 39, 35, 24, 38, 43, 19, 37, 32, 6, 9, 3, 14, 5, 12, 31], 128)
([1, 20, 27, 5, 31], 120)
([1, 40, 47, 45, 6, 25, 20], 277)
([1, 36, 28, 18, 17, 32, 3], 107)
([1, 15, 14, 34, 4, 31, 26, 39], 115)
([1, 9, 38, 26, 31, 37, 2, 8, 44, 15, 47, 21, 11, 25, 19], 139)
([1, 41, 8, 11], 157)
([1, 14, 19, 24, 21, 39, 34, 41, 43, 29, 12, 11, 44, 10], 211)
([1, 29, 40, 21, 44, 48, 41, 15, 46, 11, 32, 9, 33, 10, 16, 28], 276)
([1, 18, 33, 26, 40, 4, 42, 16, 38, 10, 34, 30, 19, 44, 5, 20], 104)
([1, 27, 28, 48, 43, 17, 18], 99)
([1, 11, 17, 45, 48, 24], 298)
([1, 25, 3, 16, 11, 36, 20, 29, 31, 6], 215)
([1, 9, 45, 16, 46, 17, 43, 36, 19, 2], 250)
([1, 42, 47, 25, 12, 18, 33, 3, 32, 15, 46, 21, 36], 271)
([1, 2, 24, 22, 29, 46, 37, 6, 32, 16, 38, 39, 12, 21, 25], 141)
([1, 6, 26, 48], 254)
([1, 22, 34, 48, 24, 3, 5, 20, 7, 17, 15, 46, 28, 37], 183)
([1, 14, 6, 21, 2, 15, 7, 35, 47, 26, 27, 32, 46, 48, 16, 33, 29, 20], 117)
([1, 18, 33], 283)
([1, 3, 41, 35, 22, 37, 46, 18, 45, 42, 16, 21, 7, 19, 17, 48, 4, 13, 11], 113)
([1, 30, 43, 18, 21, 11, 40, 48, 16, 23, 42, 35, 29, 15, 44, 45, 12], 297)
([1, 3, 20, 16], 152)
([1, 22, 13, 25], 203)
([1, 39, 8, 27, 33, 34, 16, 17, 7, 25, 6, 43, 48, 2, 9, 44, 10, 12, 4], 168)
([1, 41, 21, 43, 4, 26, 38, 42, 33, 37, 46, 39, 17, 11, 5, 48], 260)
([1, 7, 42, 19], 167)
([1, 10, 38, 28, 16], 163)
([1, 18, 4, 15, 16, 8, 36, 35, 17, 23, 9, 37, 5, 48, 45, 12, 43, 41, 32], 139)
([1, 42, 47, 7, 13, 40, 12, 43], 193)
([1, 45, 5, 35, 4, 24, 9, 30, 37, 31, 2, 10, 16, 47, 17, 3, 29], 170)
([1, 31, 25, 12], 107)
([1, 3, 47, 19, 34, 25, 15], 291)
([1, 37, 43, 24, 32, 11, 44, 46, 6, 27, 33, 47], 170)
([1, 24, 6, 9, 45, 15, 35, 37], 240)
([1, 44, 23, 46, 36, 48, 6, 43, 47, 11, 3, 26], 229)
([1, 39, 42, 17], 274)
([1, 26, 5, 9, 35, 16, 7, 39, 34, 10, 27, 42, 11, 44, 8], 241)
([1, 21, 17, 43, 26, 29, 6, 46, 44, 30, 33, 35, 7, 2, 24, 19, 3, 45, 41], 207)
([1, 13, 8], 191)
([1, 31, 9, 22, 32, 20, 3, 42, 5, 2, 4, 23, 46, 44], 173)
([1, 14, 13, 30, 10, 41, 39, 19, 25, 31, 6, 2, 36], 180)
([1, 21, 3, 17, 15, 26, 31, 22, 45, 9, 10, 2, 38], 259)
([1, 15, 25, 3, 21, 23, 8, 17, 37, 10, 45, 18, 35, 16, 22, 2], 253)
([1, 10, 27, 13, 43, 36, 42, 25, 17, 32, 20, 21, 6, 39, 11, 24, 3], 236)
([1, 14, 39, 46, 38, 35, 27, 37, 24, 32, 45, 29], 283)
([1, 39, 2, 26, 4, 5, 30], 277)
([1, 40, 31, 3, 37, 23], 220)
([1, 16, 33, 32, 31, 15], 219)
([1, 19, 20, 26, 41, 25, 32, 35, 31, 3, 14, 13], 110)
([1, 3, 43, 9, 11, 10, 25, 42, 19, 37, 44, 12, 31, 30], 140)
([1, 14, 15, 12, 36], 290)
([1, 21, 35, 39, 23], 145)
([1, 17, 43, 36, 45, 48, 8, 29, 6], 164)
([1, 19, 39, 47, 3, 20, 17, 14, 5, 10], 269)
([1, 13, 8, 35, 42, 28, 12, 41, 48, 23, 34, 27, 17, 15, 14, 6, 26], 192)
([1, 11, 16, 13, 26, 4, 25, 2, 19], 229)
([1, 6, 17, 10, 16, 31, 32, 27, 22, 33, 3, 5], 108)
([1, 24, 16, 38, 32, 30, 7, 9, 8, 47, 26, 19, 45, 28, 27, 39, 4], 213)
([1, 46, 3, 23, 11, 31, 22, 4, 12, 7, 32, 37, 25, 38, 10, 44, 13, 15, 43], 190)
([1, 7, 44, 5, 15, 6, 42, 27, 32], 205)
([1, 41, 43], 152)
([1, 44, 35, 14, 45, 47], 196)
([1, 8, 25, 24, 40, 16, 37, 7, 19, 3, 30, 22, 42, 31, 20], 279)
([1, 43, 10, 44, 19, 9, 16, 48, 11, 6], 141)
([1, 15, 22, 19, 3, 9, 14, 18, 16, 11], 106)
([1, 15, 47, 18, 11, 9, 41, 33, 32], 152)
([1, 38, 39, 29, 9, 15, 18, 23, 43, 7], 115)
([1, 22, 47, 39, 6, 7, 16, 11, 29, 3, 4, 28], 239)
([1, 4, 20, 42, 16, 21, 31, 37, 5, 3], 158)
([1, 2, 10, 38, 32, 12, 8, 27, 14, 26, 29], 260)
([1, 4, 14, 21, 9, 18, 39, 23, 26, 2, 27, 33, 13, 16, 34, 30, 28], 145)
([1, 18, 6, 5, 45, 8, 27, 47, 31, 7, 26, 38, 33, 13, 16, 10, 43, 12], 167)
([1, 6, 25, 38, 15, 13, 42, 24, 27, 46], 145)
([1, 16, 3, 11, 41, 13, 21, 24, 47, 42], 156)
([1, 25, 14, 38], 130)
([1, 48, 33, 25, 35, 46, 45, 44, 3, 38, 41, 11], 222)
([1, 46, 25], 275)
([1, 18, 36, 4], 177)
([1, 14, 21, 44], 201)
([1, 36, 26, 40, 39, 17, 12], 136)
([1, 42, 2, 3], 103)
([1, 35, 25, 16, 12, 37, 38, 6, 23, 48, 21, 8, 7], 259)
([1, 41, 4, 38, 25, 27, 35], 136)
([1, 48, 24, 20, 19, 10, 23, 34, 26, 31, 27, 8], 110)
([1, 30, 42, 32, 17, 45, 19, 20, 5, 6, 13, 7, 39, 33], 222)
([1, 10, 41, 20, 13, 16, 23, 48], 248)
([1, 17, 19, 42, 43, 38, 21, 35], 246)
([1, 45, 21, 4, 44, 20, 26, 35, 10], 112)
([1, 47, 26, 8, 33, 37, 42, 28, 43], 218)
([1, 29, 2, 41, 46, 25, 37, 23, 43, 14, 26, 47, 18, 40], 124)
([1, 7, 25, 13, 44, 43, 21, 6, 34, 22, 17, 5, 41, 10, 29, 24, 46, 27], 215)
([1, 42, 31, 39, 44, 46, 19, 2, 18, 43], 121)
([1, 34, 43, 28, 20, 46, 36, 26, 47, 9, 23, 19, 24], 132)
([1, 45, 46, 42, 36, 31, 19, 26, 17], 103)
([1, 36, 45, 15, 42, 4, 17], 142)
([1, 21, 44, 41, 6, 25, 5, 34, 12, 31, 23], 164)
([1, 8, 7, 29, 6, 35, 24, 13, 22, 44, 46, 28, 27, 45], 227)
([1, 37, 43, 48, 42, 32, 19, 5, 13, 12, 7, 34, 11, 27, 4], 239)
([1, 48, 24, 39, 47, 30, 26, 27, 44, 16, 38, 31, 10, 34, 9, 18, 25], 148)
([1, 22, 44, 36, 45], 184)
([1, 19, 25, 13, 37, 22, 38], 234)
([1, 24, 11, 3, 38, 39, 37, 33, 34], 201)
([1, 38, 32, 19, 10, 46, 42], 218)
([1, 2, 30, 16, 12, 5, 22, 31, 28, 45, 44, 26, 32, 48, 42, 27], 231)
([1, 32, 19], 122)
([1, 4, 17, 12, 36, 10, 43, 47, 26, 35, 33, 39, 44, 7, 31, 21, 15, 14, 16], 254)
([1, 10, 35, 17, 28, 26, 43, 6, 48, 22, 2, 32, 27, 36, 29], 190)
([1, 30, 16, 2, 46, 3, 43], 251)
([1, 41, 18, 5, 21, 46, 9, 15], 111)
([1, 28, 19, 48, 30, 3], 212)
([1, 29, 34, 48, 10, 30, 36, 31, 22], 208)
([1, 25, 44], 236)
([1, 20, 37, 35, 3, 14, 43, 38], 136)
([1, 34, 29, 27, 15, 47, 19, 13, 40, 42], 233)
([1, 8, 11, 26, 31, 9, 27, 24, 48], 108)
([1, 3, 20, 47], 294)
([1, 18, 9, 28, 39, 24, 19, 8], 124)
([1, 20, 45, 7, 26, 32, 43], 247)
([1, 34, 33, 44, 16, 48, 14, 18, 37], 190)
([1, 36, 9, 27, 10, 25, 24, 38, 31, 34, 2, 14, 41, 19], 129)
([1, 5, 33, 7, 29, 12, 6, 36, 31, 27, 41, 16, 26, 48, 35, 18, 2], 197)
([1, 17, 2, 10, 20, 48, 47, 40, 13, 28, 3, 31, 45, 11, 35, 43, 26, 12], 150)
([1, 15, 36], 220)
([1, 5, 35, 21, 24], 291)
([1, 46, 30, 29, 2, 42, 8, 24, 41, 44, 14, 28, 26, 10, 23, 4, 48], 189)
([1, 28, 13, 9, 40, 17], 271)
([1, 35, 26, 34, 13, 27], 150)
([1, 30, 48, 33, 17, 4, 28, 5, 2, 18, 42, 9, 31, 47, 6, 10, 12, 3, 27], 201)
([1, 48, 9, 12, 19, 24, 11], 181)
([1, 42, 44], 245)
([1, 47, 7, 35], 290)
([1, 12, 31, 18, 34, 28, 20, 27, 19, 33, 22, 29], 202)
([1, 30, 46, 36, 25, 5, 38, 17, 47, 7, 26, 20, 39, 32, 11, 2, 23], 295)
([1, 38, 36, 6, 13, 16, 23, 46, 32, 42, 40, 28, 17, 20, 39, 7], 137)
([1, 9, 15, 5, 46, 27, 37, 28, 16, 42, 19, 12, 40, 48, 3, 10, 13, 43], 294)
([1, 38, 10, 27, 14, 6, 26, 40, 29, 39], 173)
([1, 35, 32, 4, 38, 9, 44, 24], 185)
([1, 30, 48, 6, 46], 206)
([1, 5, 39], 145)
([1, 17, 29, 38, 7, 16, 44, 28, 25, 6, 30, 40, 4, 32, 46, 41], 230)
([1, 2, 6, 33], 163)
([1, 11, 32, 24, 2, 18], 227)
([1, 35, 4, 43], 145)
([1, 21, 20, 26], 149)
([1, 3, 23, 12], 151)
([1, 21, 30, 26, 25, 20, 31], 173)
([1, 24, 17, 29, 45, 27, 19, 14, 12, 28, 16, 11, 31, 3, 44, 2, 23, 4, 5], 229)
([1, 10, 19, 24, 8, 6, 34, 3, 11, 9, 7, 4, 44, 27, 14, 43], 295)
([1, 46, 25, 15, 21, 13, 36, 32, 40, 26, 39, 2, 10, 6, 38, 9, 4, 42], 214)
([1, 35, 28, 41, 48, 42, 5], 176)
([1, 17, 38, 45, 31, 20, 25, 33, 14, 39, 10, 26, 22, 19, 37], 106)
([1, 46, 9], 105)
([1, 3, 46, 38, 25, 19], 196)
([1, 3, 11, 16, 35, 20, 44], 223)
([1, 38, 27, 18, 39, 25, 4, 5, 42, 13, 40], 109)
([1, 33, 41, 16, 43, 25, 19, 44, 4, 42, 10, 7, 29, 23, 36, 30, 8, 6], 232)
([1, 23, 4, 44, 16, 21, 11, 34, 31, 7, 47, 5, 6, 20, 10, 41, 39, 43, 35], 117)
([1, 48, 40, 19, 26, 36, 30, 38, 7, 16, 43, 25, 39, 45, 35, 20], 184)
([1, 28, 22, 42, 5, 38, 35, 2, 24, 44, 3, 33, 46, 34, 6, 12, 45], 290)
([1, 40, 47, 15, 43, 38, 33, 37, 21, 32, 22, 19, 26, 8], 256)
([1, 39, 23, 34, 24, 21, 29, 37, 18, 44, 17, 30, 10, 26, 7, 8, 9, 22, 46], 273)
([1, 31, 24, 38, 22, 19, 8, 3, 36, 34, 48, 32, 23, 25, 41, 27], 200)
([1, 44, 21, 37, 31, 36], 205)
([1, 39, 2, 28, 45], 141)
([1, 13, 25, 27, 14, 30, 47, 36, 22, 46, 2, 8, 10], 238)
([1, 25, 27, 36, 26, 8, 22, 15, 38, 2, 34, 23, 18, 9, 42, 13, 17, 28], 150)
([1, 27, 32, 20, 46, 40, 38, 4, 25, 42, 31, 18, 13], 265)
([1, 47, 40, 28, 14, 4, 46, 37, 48, 31, 32, 17, 23, 10, 25, 38], 178)
([1, 41, 3, 46, 19, 29, 44, 26, 38, 48, 16, 22, 18, 9], 274)
([1, 14, 45, 19, 13, 32], 201)
([1, 10, 35], 100)
([1, 37, 29, 46, 16, 14, 33, 26, 45, 42, 18], 201)
([1, 29, 16, 6, 32, 17, 24, 44, 28, 3, 4, 38, 46, 5, 36, 10, 41, 12, 48], 143)
([1, 6, 36, 30, 16], 295)
([1, 44, 23, 26, 8, 2, 33], 106)
([1, 23, 10, 30, 31, 19, 33, 32, 20, 46, 48, 4], 123)
([1, 11, 24, 29, 41, 45, 19, 42, 13, 31, 6, 22, 43, 40, 7, 39, 16, 3, 27], 237)
([1, 46, 12, 28, 33, 26, 15, 32, 38, 27, 30, 31, 5, 37, 43, 22, 20], 226)
([1, 25, 44, 11, 20, 15, 10, 2, 18, 43], 285)
([1, 32, 24, 17, 26, 2, 48], 260)
([1, 3, 40, 22, 15, 4, 5], 245)
([1, 44, 41, 45], 256)
([1, 24, 15], 196)
([1, 20, 39, 44, 40, 3, 37, 24, 46, 13, 10], 173)
([1, 44, 8, 37, 9], 271)
([1, 24, 21, 8, 28, 29, 32, 19, 13, 2, 40, 33, 41, 7, 22, 45, 36, 10], 123)
([1, 7, 12, 6, 39, 19, 11, 31, 28], 223)
([1, 33, 14, 47, 43, 15], 277)
([1, 43, 17, 36, 44, 37, 12], 235)
([1, 17, 20, 32], 151)
([1, 3, 4, 31, 38, 14, 22, 23, 41, 44, 46, 24], 173)
([1, 19, 44, 10, 24, 42, 34, 40, 23], 135)
([1, 14, 22, 30, 48, 2, 29, 3], 288)
([1, 47, 10, 44, 18, 19, 22, 7, 43, 36, 29, 37, 14, 5, 21, 20, 2, 17, 42], 188)
([1, 35, 34, 44, 2, 5, 32, 41], 207)
([1, 36, 17, 29, 42, 21, 3, 15, 33, 16, 2, 45, 20, 39, 25, 44], 213)
([1, 7, 5], 160)
([1, 20, 25, 28, 39, 8, 10, 2, 14, 24, 9, 5, 17, 30, 48, 12, 3], 121)
([1, 31, 21, 17, 38, 29, 11, 19, 40, 41, 8], 154)
([1, 17, 24, 36, 2, 39, 22, 10, 31, 35, 27, 5, 9, 8, 47, 38], 206)
([1, 24, 14, 39, 9, 43, 5, 4, 44, 20, 10, 8, 27, 33, 35, 47], 164)
([1, 47, 23, 48, 6, 46, 22, 24, 15, 35, 30, 40], 174)
([1, 31, 29, 16, 9, 46, 44, 36, 40, 26, 12, 15, 48, 21, 43, 18, 19], 159)
([1, 16, 33, 22, 40, 37, 35, 19, 9], 163)
([1, 2, 20], 137)
([1, 46, 10, 13, 43, 44, 22, 29], 191)
([1, 44, 6, 7, 27, 41, 43, 45, 16, 2, 21], 200)
([1, 29, 35, 30, 25, 31, 16, 18], 210)
([1, 14, 36, 20, 43, 24], 178)
([1, 47, 11, 16, 17, 38, 20], 260)
([1, 30, 47, 34, 36, 27, 3, 43, 10, 23, 16, 20, 38, 9, 13, 25, 32, 8], 274)
([1, 15, 4, 23, 32, 27, 21, 13], 236)
([1, 40, 24, 18, 30, 23, 4, 45, 10, 43, 22, 46, 29], 292)
([1, 5, 21, 32, 24, 46, 40, 27, 10, 19, 22, 25, 26, 36], 152)
([1, 18, 27, 8, 6], 247)
([1, 3, 13], 152)
([1, 20, 29, 43, 2], 250)
([1, 17, 5, 19, 39, 37, 34, 8, 31, 3, 7, 18, 14, 41, 30, 6, 45, 13], 139)
([1, 16, 44, 40, 7, 39, 26, 31, 35, 23, 14, 6, 34, 9, 37, 32, 45, 3, 25], 158)
([1, 35, 30, 46, 42, 7, 21, 12, 3, 9, 2], 183)
([1, 14, 18, 20, 33, 3, 46, 5, 37], 276)
([1, 36, 3, 17, 11, 30, 43, 21, 16, 22, 26, 23, 18, 5], 199)
([1, 11, 36, 22, 20, 48, 13, 4, 23, 37, 16, 21, 25, 24, 26, 43, 46], 223)
([1, 32, 41, 31, 10, 9, 2, 28, 27, 6, 39, 40, 29, 23, 7], 227)
([1, 47, 14], 279)
([1, 16, 20, 15, 22, 11, 38, 24, 7, 40, 39, 33, 10, 37, 25, 4, 9], 243)
([1, 32, 21, 31, 20, 5, 9, 28, 45, 3, 26, 24, 42, 27], 117)
([1, 8, 5, 9, 20, 3, 6, 17, 13, 38, 43, 27], 275)
([1, 12, 24, 5, 41, 48, 8, 3, 47, 30, 10, 18, 4], 261)
([1, 15, 46, 31, 41, 17, 37, 12, 19, 39, 3, 30, 4, 38, 29, 23, 26, 27], 129)
([1, 27, 47, 11, 38, 14, 6, 7, 33, 21, 40], 166)
([1, 34, 30, 26], 280)
([1, 20, 31, 5, 14, 19, 16, 27], 263)
([1, 48, 9, 31, 41, 45], 136)
([1, 47, 41, 21, 11, 6, 33, 37, 15, 40, 17, 4], 261)
([1, 23, 3, 48], 295)
([1, 7, 10, 25, 21, 16, 33, 43, 36, 3], 108)
([1, 10, 42, 44, 28, 37, 43, 16, 11, 33, 2], 198)
([1, 4, 8, 6, 25, 18, 17, 21, 12], 216)
([1, 41, 16, 33, 11, 39, 30, 27, 20, 48, 37, 19], 274)
([1, 47, 6, 20, 24, 42, 44, 22, 18, 45, 14, 48, 28, 13, 34, 5, 25, 8, 3], 237)
([1, 6, 46, 3, 33, 16, 27, 17, 15, 41, 47, 38, 22, 29, 24, 10], 275)
([1, 31, 23, 47, 16], 159)
([1, 44, 4, 7, 28], 217)
([1, 18, 30, 10, 41, 29, 22], 239)
([1, 22, 29], 289)
([1, 43, 29, 9, 20, 16], 212)
([1, 6, 23, 15, 21, 41, 38, 40, 47, 9, 25, 20], 168)
([1, 20, 37, 43], 222)
([1, 27, 7, 31, 4, 15, 20, 47, 36, 17, 38, 26, 3, 22, 33], 216)
([1, 8, 40, 20, 2, 39, 3, 25, 15, 27, 46, 30, 47, 45, 6, 4, 42], 288)
([1, 15, 27, 16, 47, 25, 28, 6, 36, 19, 9], 236)
([1, 4, 15, 2, 29, 30, 9, 22], 123)
([1, 27, 9, 22, 28, 16, 13, 42, 38, 26, 20, 24, 18, 10, 2, 17], 128)
([1, 38, 2, 19, 28, 35, 47, 40, 48, 17, 29, 8, 27, 20], 254)
([1, 48, 16, 44, 29, 6, 37, 30, 13, 24], 154)
([1, 18, 34, 38, 13, 45, 47, 27, 10, 17, 7, 39, 37, 8, 2, 33, 24], 233)
([1, 37, 24, 9], 134)
([1, 17, 27, 26, 4, 30, 36, 40, 34, 22, 11, 20, 6, 39, 5, 33, 16, 7, 28], 264)
([1, 39, 31, 26, 10, 24, 17, 44, 36, 34, 19, 30, 5, 12, 23, 27, 42], 264)
([1, 39, 30, 47, 5], 256)
([1, 47, 45, 25, 2, 18, 34, 41, 6, 5, 4, 23, 9, 7, 39, 21, 28], 281)
([1, 3, 27, 21, 14, 19, 41, 26, 17, 31, 4, 42, 12, 18, 7, 24, 20], 208)
([1, 35, 13, 44, 24, 6, 26], 205)
([1, 45, 38, 16], 124)
([1, 33, 43], 177)
([1, 22, 48, 12, 9, 16, 8, 7, 38], 174)
([1, 16, 5, 25, 7, 45, 36, 22, 31, 10, 6, 23, 26, 17, 29, 44], 271)
([1, 16, 3, 14, 33, 28, 6, 47, 26, 46, 18, 19, 5, 41], 289)
([1, 26, 29, 20, 44, 4, 40, 12, 38, 8, 48, 2, 24, 42], 142)
([1, 25, 27, 11, 4, 40, 38, 31, 15, 10], 275)
([1, 5, 41, 8], 155)
([1, 48, 46], 218)
([1, 43, 34, 47, 13, 11, 39, 18, 40, 20], 257)
([1, 20, 44, 14, 16, 12, 6, 4, 33, 35], 209)
([1, 2, 36, 11, 41, 13, 31, 18, 38, 27, 34], 175)
([1, 38, 3, 35, 30, 8, 41, 13, 40, 24, 25], 229)
([1, 42, 35, 31, 14, 47, 17, 24, 26, 28, 19, 40, 5, 11, 45, 48, 34], 125)
([1, 24, 44, 11, 29, 13, 38, 25, 9, 33, 42, 18, 12, 22], 146)
([1, 10, 22, 45, 25, 35, 14], 164)
([1, 13, 37, 18, 25, 20, 24], 291)
([1, 14, 30, 48, 5, 32, 4, 21, 34, 16, 23, 29, 31, 27], 156)
([1, 17, 13, 2, 45, 23, 40, 26, 6, 22, 30], 183)
([1, 44, 24, 16, 6, 47, 37, 33, 22, 35, 29, 32, 23, 43, 3, 17, 38, 11, 30], 218)
([1, 4, 32], 126)
([1, 26, 8, 5, 11, 20, 15, 3, 27, 42, 48, 45, 25, 4, 36, 18, 30, 43], 100)
([1, 48, 2, 9, 3, 39, 42, 15], 236)
([1, 36, 40, 47, 32, 48], 137)
([1, 27, 10], 248)
([1, 36, 2, 16, 32, 34, 26, 24, 6, 14, 38, 46, 47, 10, 15, 39, 28], 287)
([1, 47, 30, 40, 11, 31, 5, 32, 41, 36, 8, 16, 35, 44, 20], 117)
([1, 35, 33, 30, 29, 13, 19], 169)
([1, 19, 45, 38, 11, 23, 39], 134)
([1, 15, 10, 29, 31, 18, 32, 47, 33, 42], 190)
([1, 8, 43, 9, 11, 24, 26, 16, 45, 44, 28, 13, 33, 42, 17], 106)
([1, 30, 5, 32, 34, 27, 19, 13, 15, 4, 44], 179)
([1, 26, 30, 33, 37, 14, 41, 24, 2, 29, 20, 19, 35, 42, 5, 13, 32, 38], 149)
([1, 33, 13, 24, 26, 32, 29, 41, 28, 18, 31, 7, 8, 39, 37, 16, 34, 5, 21], 213)
([1, 43, 44, 7, 19, 37, 27, 3, 31, 12], 205)
([1, 11, 14, 27, 39, 13, 33, 24, 10, 47, 43, 23, 5, 34, 35, 42], 243)
([1, 34, 43, 30], 168)
([1, 26, 11, 20, 12, 42, 27], 261)
([1, 17, 48, 35, 46, 8, 20, 11, 34], 108)
([1, 35, 43], 273)
([1, 37, 32, 41, 29, 24, 9, 18, 4, 7, 38, 34], 156)
([1, 22, 9, 44, 27, 12], 294)
([1, 5, 40, 44, 34, 3, 29, 17, 41, 2, 27, 39, 12, 20], 197)
([1, 38, 44, 7, 28, 36, 8], 266)
([1, 40, 28, 29, 41, 48, 36, 12, 9, 34, 18, 24, 7, 17, 11, 14, 16], 213)
([1, 39, 43, 24, 19], 187)
([1, 15, 43, 29, 9, 41, 14, 3, 46, 26, 4, 38, 44, 23, 17], 195)
([1, 2, 38, 44, 15, 3, 9, 39, 36, 41, 20, 35, 23, 43, 29], 177)
([1, 24, 38, 42, 31, 29, 27, 26, 22, 23, 48], 294)
([1, 17, 14, 2, 22, 20, 44, 13, 35, 18, 6, 16], 219)
([1, 10, 46, 9, 5, 7], 202)
([1, 46, 28], 189)
([1, 5, 31, 29, 44, 12, 37, 24, 38, 40, 23, 46, 28, 34, 48, 32, 4, 15], 227)
([1, 41, 20, 24, 3, 18, 16, 32], 280)
([1, 37, 34, 14, 16, 32, 42, 22], 236)
([1, 46, 35, 5, 3, 29, 45, 13, 16, 42, 24], 103)
([1, 44, 26, 19, 10, 40], 138)
